<KeysViewHDF5 ['Clusters', 'ExposureTimeBoundaries', 'PixelHits', 'TimewalkLookupTable', 'TimewalkMatrix']>
Timewalk Matrix:
   CToT  ToT  AverageDToA  SumSquareDiff  Count        Std       Sem
0   450   25    96.223969     53196212.0     12  21.054733  6.077978
1   450   50    83.750008    119628920.0     25  21.875000  4.375000
2   450   75    76.627617     66283176.0     24  16.618660  3.392270
3   450  100    62.467461     91039528.0     48  13.771915  1.987805
4   450  125    51.258690    118634712.0     72  12.836293  1.512772
CToT       450        475        500   ...       6675       6825       6850
ToT                                    ...                                 
25    96.223969  94.140625  99.356606  ...        NaN  23.437500  21.875000
50    83.750008  76.041664  84.742653  ...  15.625000  17.187500  23.437500
75    76.627617  72.968750  72.727280  ...  14.062500  16.406252  15.104167
100   62.467461  60.044651  63.733555  ...  11.979167   9.375000   8.593750
125   51.258690  52.926594  54.313362  ...  10.937500        NaN  10.937500

[5 rows x 191 columns]
CToT       450        475        500   ...       6675       6825       6850
ToT                                    ...                                 
25    96.223969  94.140625  99.356606  ...        NaN  23.437500  21.875000
50    83.750008  76.041664  84.742653  ...  15.625000  17.187500  23.437500
75    76.627617  72.968750  72.727280  ...  14.062500  16.406252  15.104167
100   62.467461  60.044651  63.733555  ...  11.979167   9.375000   8.593750
125   51.258690  52.926594  54.313362  ...  10.937500        NaN  10.937500

[5 rows x 191 columns]
CToT       450        475        500   ...       6675       6825       6850
ToT                                    ...                                 
25    96.223969  94.140625  99.356606  ...        NaN  23.437500  21.875000
50    83.750008  76.041664  84.742653  ...  15.625000  17.187500  23.437500
75    76.627617  72.968750  72.727280  ...  14.062500  16.406252  15.104167
100   62.467461  60.044651  63.733555  ...  11.979167   9.375000   8.593750
125   51.258690  52.926594  54.313362  ...  10.937500        NaN  10.937500

[5 rows x 191 columns]
CToT       450        475        500   ...       6675       6825       6850
ToT                                    ...                                 
25    96.223969  94.140625  99.356606  ...        NaN  23.437500  21.875000
50    83.750008  76.041664  84.742653  ...  15.625000  17.187500  23.437500
75    76.627617  72.968750  72.727280  ...  14.062500  16.406252  15.104167
100   62.467461  60.044651  63.733555  ...  11.979167   9.375000   8.593750
125   51.258690  52.926594  54.313362  ...  10.937500        NaN  10.937500

[5 rows x 191 columns]
